11,0.csv,90,85
3,1.csv,44,149
4,2.csv,40,22
1,3.csv,89,124
6,4.csv,15,143
7,5.csv,69,122
2,6.csv,76,76
11,7.csv,81,40
13,8.csv,16,35
10,9.csv,18,119
9,10.csv,39,23
15,11.csv,53,26
14,12.csv,11,86
8,13.csv,16,87
4,14.csv,41,21
5,15.csv,61,61
12,16.csv,51,68
2,17.csv,63,126
10,18.csv,57,92
1,19.csv,91,78
3,20.csv,49,117
7,21.csv,84,44
6,22.csv,100,141
4,23.csv,73,105
15,24.csv,35,128
12,25.csv,63,86
14,26.csv,73,96
2,27.csv,50,96
1,28.csv,70,34
10,29.csv,63,79
11,30.csv,24,132
13,31.csv,65,38
8,32.csv,93,44
6,33.csv,52,53
3,35.csv,18,115
9,34.csv,98,82
1,36.csv,45,110
5,37.csv,99,109
14,38.csv,45,111
15,39.csv,60,82
